190

0.0 88.98 17.65
0.02 88.8 17.65
0.08 87.88 17.65
0.1 87.39 17.65
0.12 87.17 17.65
0.14 86.93 17.65
0.16 86.48 17.65
0.18 86.22 17.65
0.2 85.75 17.65
0.22 85.5 17.65
0.24 85.31 17.65
0.26 84.81 17.65
0.28 84.56 17.65
0.3 84.13 17.65
0.32 83.87 17.65
0.34 83.64 17.65
0.36 83.17 17.65
0.38 82.82 17.65
0.4 82.5 17.65
0.42 82.27 17.65
0.44 81.84 17.65
0.46 81.56 17.65
0.48 81.18 17.65
0.5 80.94 17.65
0.52 80.53 17.65
0.54 80.21 17.65
0.56 79.8 17.65
0.58 79.58 17.65
0.6 79.19 17.65
0.62 78.92 17.65
0.64 78.5 17.65
0.66 78.25 17.65
0.68 77.87 17.65
0.7 77.61 17.65
0.72 77.19 17.65
0.74 76.97 17.65
0.76 76.57 17.65
0.78 76.31 17.65
0.8 75.91 17.65
0.82 75.67 17.65
0.84 75.29 17.65
0.86 75.02 17.65
0.88 74.61 17.65
0.9 74.32 17.65
0.92 73.88 17.65
0.94 73.58 17.65
0.96 73.19 17.65
0.98 72.87 17.65
1.0 72.5 17.65
1.02 72.24 17.65
1.04 71.9 17.65
1.06 71.57 17.65
1.08 71.23 17.65
1.1 70.86 17.65
1.12 70.56 17.65
1.14 70.21 17.65
1.16 69.97 17.65
1.18 69.54 17.65
1.2 69.19 17.65
1.22 68.99 17.65
1.24 68.63 17.65
1.26 68.21 17.65
1.28 67.93 17.65
1.3 67.58 17.65
1.32 67.24 17.65
1.34 66.88 17.65
1.36 66.53 17.65
1.38 66.2 17.65
1.4 65.9 17.65
1.42 65.48 17.65
1.44 65.21 17.65
1.46 64.86 17.65
1.48 64.68 17.65
1.5 64.39 17.65
1.52 64.05 17.65
1.54 63.82 17.65
1.56 63.37 17.65
1.58 63.13 17.65
1.6 62.73 17.65
1.62 62.43 17.65
1.64 62.07 17.65
1.66 61.74 17.65
1.68 61.4 17.65
1.7 61.05 17.65
1.72 60.87 17.65
1.74 60.55 17.65
1.76 60.08 17.65
1.78 59.63 17.65
1.8 59.39 17.65
1.82 59.02 17.65
1.84 58.76 17.65
1.86 58.46 17.65
1.88 58.08 17.65
1.9 57.68 17.65
1.92 57.28 17.65
1.94 56.98 17.65
1.96 56.65 17.65
1.98 56.4 17.65
2.0 56.12 17.65
2.02 55.74 17.65
2.04 55.49 17.65
2.06 55.11 17.65
2.08 54.79 17.65
2.1 54.51 17.65
2.12 54.21 17.65
2.14 53.77 17.65
2.16 53.4 17.65
2.18 53.08 17.65
2.2 52.72 17.65
2.22 52.42 17.65
2.24 52.09 17.65
2.26 51.75 17.65
2.28 51.42 17.65
2.3 51.04 17.65
2.32 50.67 17.65
2.34 50.36 17.65
2.36 50.06 17.65
2.38 49.7 17.65
2.4 49.4 17.65
2.42 49.07 17.65
2.44 48.68 17.65
2.46 48.35 17.65
2.48 48.09 17.65
2.5 47.74 17.65
2.52 47.38 17.65
2.54 47.01 17.65
2.56 46.68 17.65
2.58 46.4 17.65
2.6 46.05 17.65
2.62 45.7 17.65
2.64 45.45 17.65
2.66 45.17 17.65
2.68 44.84 17.65
2.7 44.47 17.65
2.72 44.15 17.65
2.74 43.83 17.7
2.76 43.54 17.64
2.78 43.22 17.58
2.8 42.84 17.52
2.82 42.5 17.45
2.84 42.16 17.39
2.86 41.85 17.31
2.88 41.43 17.24
2.9 41.06 17.16
2.92 40.74 17.08
2.94 40.41 17.0
2.96 40.07 16.91
2.98 39.74 16.81
3.0 39.42 16.72
3.02 39.08 16.62
3.04 38.78 16.51
3.06 38.43 16.41
3.08 38.14 16.29
3.1 37.87 16.18
3.12 37.59 16.06
3.14 37.34 15.93
3.16 37.05 15.8
3.18 36.77 15.66
3.2 36.44 15.52
3.22 36.21 15.37
3.24 35.97 15.22
3.26 35.69 15.06
3.28 35.4 14.9
3.3 35.18 14.73
3.32 34.88 14.55
3.34 34.66 14.37
3.36 34.42 14.18
3.38 34.19 13.98
3.4 33.95 13.78
3.42 33.74 13.57
3.44 33.5 13.35
3.46 33.28 13.12
3.48 33.07 12.89
3.5 32.87 12.64
3.52 32.68 12.39
3.54 32.5 12.13
3.56 32.32 11.86
3.58 32.09 11.59
3.6 31.94 11.3
3.62 31.77 11.0
3.64 31.58 10.69
3.66 31.35 10.37
3.68 31.18 10.04
3.7 31.0 9.7
3.72 30.82 9.35
3.74 30.65 8.99
3.98 28.98 3.57
4.0 28.82 3.02
4.02 28.66 2.45
4.04 28.5 1.86
