VIB 000.000 000.000 88.977  185.27182
VIB 000.020 000.318 88.799  185.27182
VIB 000.080 001.326 87.884  185.27182
VIB 000.100 001.873 87.385  185.27182
VIB 000.120 002.137 87.165  185.27182
VIB 000.140 002.394 86.925  185.27182
VIB 000.160 002.875 86.479  185.27182
VIB 000.180 003.161 86.223  185.27182
VIB 000.200 003.671 85.750  185.27182
VIB 000.220 003.958 85.505  185.27182
VIB 000.240 004.180 85.309  185.27182
VIB 000.260 004.718 84.809  185.27182
VIB 000.280 004.975 84.557  185.27182
VIB 000.300 005.444 84.130  185.27182
VIB 000.320 005.728 83.866  185.27182
VIB 000.340 005.978 83.644  185.27182
VIB 000.360 006.476 83.172  185.27182
VIB 000.380 006.850 82.825  185.27182
VIB 000.400 007.190 82.500  185.27182
VIB 000.420 007.437 82.270  185.27182
VIB 000.440 007.937 81.837  185.27182
VIB 000.460 008.246 81.560  185.27182
VIB 000.480 008.676 81.179  185.27182
VIB 000.500 008.923 80.942  185.27182
VIB 000.520 009.382 80.534  185.27182
VIB 000.540 009.717 80.214  185.27182
VIB 000.560 010.171 79.801  185.27182
VIB 000.580 010.412 79.576  185.27182
VIB 000.600 010.836 79.189  185.27182
VIB 000.620 011.137 78.918  185.27182
VIB 000.640 011.586 78.500  185.27182
VIB 000.660 011.854 78.250  185.27182
VIB 000.680 012.275 77.867  185.27182
VIB 000.700 012.577 77.605  185.27182
VIB 000.720 013.020 77.192  185.27182
VIB 000.740 013.257 76.971  185.27182
VIB 000.760 013.703 76.575  185.27182
VIB 000.780 014.000 76.307  185.27182
VIB 000.800 014.442 75.913  185.27182
VIB 000.820 014.709 75.674  185.27182
VIB 000.840 015.114 75.287  185.27182
VIB 000.860 015.406 75.024  185.27182
VIB 000.880 015.842 74.609  185.27182
VIB 000.900 016.270 74.318  185.27182
VIB 000.920 016.716 73.875  185.27182
VIB 000.940 017.077 73.584  185.27182
VIB 000.960 017.480 73.193  185.27182
VIB 000.980 017.823 72.872  185.27182
VIB 001.000 018.225 72.496  185.27182
VIB 001.020 018.511 72.237  185.27182
VIB 001.040 018.855 71.901  185.27182
VIB 001.060 019.227 71.573  185.27182
VIB 001.080 019.594 71.229  185.27182
VIB 001.100 020.023 70.856  185.27182
VIB 001.120 020.371 70.562  185.27182
VIB 001.140 020.734 70.209  185.27182
VIB 001.160 020.988 69.971  185.27182
VIB 001.180 021.463 69.544  185.27182
VIB 001.200 021.857 69.193  185.27182
VIB 001.220 022.082 68.991  185.27182
VIB 001.240 022.505 68.625  185.27182
VIB 001.260 022.947 68.210  185.27182
VIB 001.280 023.251 67.934  185.27182
VIB 001.300 023.636 67.580  185.27182
VIB 001.320 024.028 67.242  185.27182
VIB 001.340 024.410 66.884  185.27182
VIB 001.360 024.794 66.532  185.27182
VIB 001.380 025.145 66.202  185.27182
VIB 001.400 025.474 65.901  185.27182
VIB 001.420 025.937 65.483  185.27182
VIB 001.440 026.235 65.212  185.27182
VIB 001.460 026.610 64.860  185.27182
VIB 001.480 026.892 64.677  185.27182
VIB 001.500 027.175 64.394  185.27182
VIB 001.520 027.523 64.054  185.27182
VIB 001.540 027.802 63.823  185.27182
VIB 001.560 028.281 63.372  185.27182
VIB 001.580 028.652 63.131  185.27182
VIB 001.600 029.078 62.730  185.27182
VIB 001.620 029.395 62.432  185.27182
VIB 001.640 029.794 62.073  185.27182
VIB 001.660 030.165 61.741  185.27182
VIB 001.680 030.530 61.397  185.27182
VIB 001.700 030.931 61.046  185.27182
VIB 001.720 031.114 60.874  185.27182
VIB 001.740 031.486 60.552  185.27182
VIB 001.760 032.009 60.075  185.27182
VIB 001.780 032.506 59.633  185.27182
VIB 001.800 032.809 59.390  185.27182
VIB 001.820 033.192 59.021  185.27182
VIB 001.840 033.456 58.758  185.27182
VIB 001.860 033.793 58.456  185.27182
VIB 001.880 034.206 58.084  185.27182
VIB 001.900 034.641 57.681  185.27182
VIB 001.920 035.074 57.279  185.27182
VIB 001.940 035.451 56.976  185.27182
VIB 001.960 035.785 56.645  185.27182
VIB 001.980 036.132 56.403  185.27182
VIB 002.000 036.432 56.119  185.27182
VIB 002.020 036.872 55.739  185.27182
VIB 002.040 037.149 55.485  185.27182
VIB 002.060 037.552 55.111  185.27182
VIB 002.080 037.902 54.788  185.27182
VIB 002.100 038.204 54.510  185.27182
VIB 002.120 038.526 54.205  185.27182
VIB 002.140 038.975 53.773  185.27182
VIB 002.160 039.369 53.398  185.27182
VIB 002.180 039.758 53.080  185.27182
VIB 002.200 040.155 52.721  185.27182
VIB 002.220 040.475 52.425  185.27182
VIB 002.240 040.852 52.092  185.27182
VIB 002.260 041.219 51.751  185.27182
VIB 002.280 041.590 51.416  185.27182
VIB 002.300 042.011 51.042  185.27182
VIB 002.320 042.398 50.675  185.27182
VIB 002.340 042.740 50.357  185.27182
VIB 002.360 043.056 50.064  185.27182
VIB 002.380 043.443 49.704  185.27182
VIB 002.400 043.784 49.396  185.27182
VIB 002.420 044.148 49.066  185.27182
VIB 002.440 044.558 48.683  185.27182
VIB 002.460 044.920 48.354  185.27182
VIB 002.480 045.211 48.094  185.27182
VIB 002.500 045.593 47.745  185.27182
VIB 002.520 046.005 47.379  185.27182
VIB 002.540 046.414 47.014  185.27182
VIB 002.560 046.770 46.681  185.27182
VIB 002.580 047.082 46.400  185.27182
VIB 002.600 047.460 46.047  185.27182
VIB 002.620 047.839 45.702  185.27182
VIB 002.640 048.130 45.452  185.27182
VIB 002.660 048.435 45.167  185.27182
VIB 002.680 048.790 44.844  185.27182
VIB 002.700 049.187 44.472  185.27182
VIB 002.720 049.541 44.150  185.27182
VIB 002.740 049.897 43.835  185.27182
VIB 002.760 050.224 43.537  185.27182
VIB 002.780 050.575 43.218  185.27182
VIB 002.800 050.999 42.837  185.27182
VIB 002.820 051.375 42.502  185.27182
VIB 002.840 051.745 42.163  185.27182
VIB 002.860 052.094 41.853  185.27182
VIB 002.880 052.555 41.427  185.27182
VIB 002.900 052.977 41.056  185.27182
VIB 002.920 053.323 40.739  185.27182
VIB 002.940 053.694 40.409  185.27182
VIB 002.960 054.061 40.072  185.27182
VIB 002.980 054.429 39.744  185.27182
VIB 003.000 054.770 39.423  185.27182
VIB 003.020 055.167 39.077  185.27182
VIB 003.040 055.486 38.785  185.27182
VIB 003.060 055.868 38.426  185.27182
VIB 003.080 056.186 38.136  185.27182
VIB 003.100 056.481 37.868  185.27182
VIB 003.120 056.773 37.588  185.27182
VIB 003.140 057.044 37.344  185.27182
VIB 003.160 057.361 37.054  185.27182
VIB 003.180 057.676 36.766  185.27182
VIB 003.200 058.011 36.445  185.27182
VIB 003.220 058.285 36.206  185.27182
VIB 003.240 058.552 35.965  185.27182
VIB 003.260 058.843 35.692  185.27182
VIB 003.280 059.153 35.401  185.27182
VIB 003.300 059.401 35.177  185.27182
VIB 003.320 059.708 34.883  185.27182
VIB 003.340 059.956 34.659  185.27182
VIB 003.360 060.223 34.418  185.27182
VIB 003.380 060.470 34.195  185.27182
VIB 003.400 060.737 33.954  185.27182
VIB 003.420 060.986 33.738  185.27182
VIB 003.440 061.253 33.496  185.27182
VIB 003.460 061.497 33.277  185.27182
VIB 003.480 061.718 33.070  185.27182
VIB 003.500 061.938 32.866  185.27182
VIB 003.520 062.135 32.682  185.27182
VIB 003.540 062.331 32.501  185.27182
VIB 003.560 062.528 32.318  185.27182
VIB 003.580 062.768 32.093  185.27182
VIB 003.600 062.948 31.936  185.27182
VIB 003.620 063.123 31.775  185.27182
VIB 003.640 063.345 31.576  185.27182
VIB 003.660 063.584 31.353  185.27182
VIB 003.680 063.789 31.180  185.27182
VIB 003.700 063.990 31.002  185.27182
VIB 003.720 064.183 30.823  185.27182
VIB 003.740 064.383 30.645  185.27182
VIB 003.980 066.211 28.980  185.27182
VIB 004.000 066.384 28.820  185.27182
VIB 004.020 066.555 28.662  185.27182
VIB 004.040 066.728 28.502  185.27182